sim_time=1.5
flow_velocity=             0              0 -0.02500000037
com0=0.06977759667 0.07307702534  0.2234144168
com_final=0.06977760516 0.07307700148  0.4874925373
com_disp= 8.491538861e-09 -2.386218813e-08     0.2640781204
com_disp_z=0.2640781204
ub0=-9.714451465e-17 -2.775557562e-17                0
ub_final=0.1412973033 0.1400814027 0.2627293079
ub_disp=0.1412973033 0.1400814027 0.2627293079
ub_disp_z=0.2627293079
