sim_time=1.5
flow_velocity=             0              0 -0.02500000037
com0=0.06977759667 0.07307702534  0.2234144168
com_final=0.06977757502 0.07307702384  0.6813116233
com_disp=-2.164187941e-08 -1.499233404e-09     0.4578972065
com_disp_z=0.4578972065
ub0=-9.714451465e-17 -2.775557562e-17                0
ub_final=0.1341903702 0.1847842598  0.472755512
ub_disp=0.1341903702 0.1847842598  0.472755512
ub_disp_z=0.472755512
