sim_time=1.5
flow_velocity=0 0 0
com0=0.06977759667 0.07307702534  0.2234144168
com_final=0.06977759666 0.07307702533  0.2234144168
com_disp= -9.00284014e-12  -1.04705411e-11 -2.797997944e-11
com_disp_z=-2.797997944e-11
ub0=-9.714451465e-17 -2.775557562e-17                0
ub_final=-0.01504200274  0.01474043517 0.000870838859
ub_disp=-0.01504200274  0.01474043517 0.000870838859
ub_disp_z=0.000870838859
