sim_time=0.5
iter=240
flow_ramp=1
com=0.06977759667 0.07307702534  0.2234144168
center=0.02808973511  0.0281476112 0.06554271635
tau_x_surface_about_com=0
tau_x_surface_about_center=0
tau_x_all_vertices_about_com=0
torque_surface_com=0 0 0
force_sum_surface=0 0 0
