sim_time=1.5
flow_velocity=             0              0 -0.02500000037
com0=0.06977759667 0.07307702534  0.2234144168
com_final=0.06977754961 0.07307703887  0.5786982111
com_disp=-4.706068578e-08  1.352877164e-08     0.3552837943
com_disp_z=0.3552837943
ub0=-9.714451465e-17 -2.775557562e-17                0
ub_final=0.1334302371 0.2752726585 0.4554568501
ub_disp=0.1334302371 0.2752726585 0.4554568501
ub_disp_z=0.4554568501
