sim_time=1.5
flow_velocity=             0              0 -0.05000000075
com0=0.06977759667 0.07307702534  0.2234144168
com_final=0.06977762126 0.07307702388  0.6101275089
com_disp= 2.459754597e-08 -1.459141488e-09      0.386713092
com_disp_z=0.386713092
ub0=-9.714451465e-17 -2.775557562e-17                0
ub_final= 0.1756439943 0.04674403035  0.3905323113
ub_disp= 0.1756439943 0.04674403035  0.3905323113
ub_disp_z=0.3905323113
