sim_time=1.5
flow_velocity=             0              0 -0.07999999821
com0=0.06977759667 0.07307702534  0.2234144168
com_final=0.06977752546 0.07307701337  0.6390442091
com_disp=-7.120863284e-08 -1.197270753e-08     0.4156297922
com_disp_z=0.4156297922
ub0=-9.714451465e-17 -2.775557562e-17                0
ub_final= 0.1362418959 0.05793133147  0.4035102156
ub_disp= 0.1362418959 0.05793133147  0.4035102156
ub_disp_z=0.4035102156
