sim_time=1.5
flow_velocity=0 0 0
com0=0.06977759667 0.07307702534  0.2234144168
com_final=0.0697775566 0.0730770766 0.5943377555
com_disp=-4.007003573e-08  5.126019302e-08     0.3709233387
com_disp_z=0.3709233387
ub0=-9.714451465e-17 -2.775557562e-17                0
ub_final=0.05085494306 0.05766828264  0.3503548257
ub_disp=0.05085494306 0.05766828264  0.3503548257
ub_disp_z=0.3503548257
