sim_time=1.5
flow_velocity=0 0 0
com0=0.06977759667 0.07307702534  0.2234144168
com_final=0.06977759248 0.07307705018  0.6261273614
com_disp=-4.184617777e-09  2.483970166e-08     0.4027129446
com_disp_z=0.4027129446
ub0=-9.714451465e-17 -2.775557562e-17                0
ub_final=0.09627499885  0.1549314389  0.3965170115
ub_disp=0.09627499885  0.1549314389  0.3965170115
ub_disp_z=0.3965170115
