sim_time=0.008333333333
flow_velocity=0 0 0
com0=0.06977759667 0.07307702534  0.2234144168
com_final=0.06977759667 0.07307702534  0.2234144168
com_disp=-4.579669977e-16  -7.21644966e-16 -1.387778781e-16
com_disp_z=-1.387778781e-16
ub0=-9.714451465e-17 -2.775557562e-17                0
ub_final=-9.571151294e-08  3.398801351e-07 -8.127874948e-08
ub_disp=-9.571151284e-08  3.398801351e-07 -8.127874948e-08
ub_disp_z=-8.127874948e-08
