sim_time=1.5
flow_velocity=             0              0 -0.05000000075
com0=0.06977759667 0.07307702534  0.2234144168
com_final=0.06977753242 0.07307697269  0.5384404441
com_disp=-6.424459793e-08 -5.265285599e-08     0.3150260273
com_disp_z=0.3150260273
ub0=-9.714451465e-17 -2.775557562e-17                0
ub_final=-0.01558250989   0.1675023767   0.3288678492
ub_disp=-0.01558250989   0.1675023767   0.3288678492
ub_disp_z=0.3288678492
