sim_time=1.5
flow_velocity=             0              0 -0.07999999821
com0=0.06977759667 0.07307702534  0.2234144168
com_final= 0.0697775525 0.07307701717  0.5618007739
com_disp=-4.416566991e-08 -8.178990638e-09     0.3383863571
com_disp_z=0.3383863571
ub0=-9.714451465e-17 -2.775557562e-17                0
ub_final= 0.1608600095 -0.1257456669  0.4509103207
ub_disp= 0.1608600095 -0.1257456669  0.4509103207
ub_disp_z=0.4509103207
