sim_time=1.5
iter=720
flow_ramp=1
com=0.06977755255 0.07307701716  0.5603573602
center= 0.1227101936 -0.0883954089   0.503027962
tau_x_surface_about_com=0.3506298927
tau_x_surface_about_center=4.817678967
tau_x_all_vertices_about_com=0.3506298927
torque_surface_com= 0.3506298927 0.08586828693  0.5245452712
force_sum_surface=  6.2463223e-06 5.985006283e-06     27.66447205
