sim_time=0.008333333333
flow_velocity=0 0 0
com0=0.06977759667 0.07307702534  0.2234144168
com_final=0.06977443502 0.07307802989  0.2234138366
com_disp=-3.161648371e-06   1.00454535e-06 -5.801904809e-07
com_disp_z=-5.801904809e-07
ub0=-9.714451465e-17 -2.775557562e-17                0
ub_final=-1.904313043e-06  5.805691976e-06 -2.543237963e-06
ub_disp=-1.904313042e-06  5.805691976e-06 -2.543237963e-06
ub_disp_z=-2.543237963e-06
