sim_time=1
flow_velocity=0 0 0
com0=0.06977759667 0.07307702534  0.2234144168
com_final=0.06977760178 0.07307702263  0.3787276237
com_disp=5.116634505e-09 -2.70991124e-09    0.1553132069
com_disp_z=0.1553132069
ub0=-9.714451465e-17 -2.775557562e-17                0
ub_final=-0.04667700087   0.2130728152   0.5429307597
ub_disp=-0.04667700087   0.2130728152   0.5429307597
ub_disp_z=0.5429307597
