sim_time=1.5
flow_velocity=           0            0 -0.200000003
com0=0.06977759667 0.07307702534  0.2234144168
com_final=0.06977760697 0.07307701793  0.4113239805
com_disp= 1.030764833e-08 -7.417394435e-09     0.1879095637
com_disp_z=0.1879095637
ub0=-9.714451465e-17 -2.775557562e-17                0
ub_final= 0.1044643594 0.02474038806  0.1734509772
ub_disp= 0.1044643594 0.02474038806  0.1734509772
ub_disp_z=0.1734509772
