sim_time=0.5
iter=240
flow_ramp=1
com=0.06977760717 0.07307702395  0.2371118329
center=0.05100283893 0.09262346924  0.0735052693
tau_x_surface_about_com=1.065751898
tau_x_surface_about_center=0.947567681
tau_x_all_vertices_about_com=1.065751898
torque_surface_com= 1.065751898 0.3758413623 0.2937821822
force_sum_surface=-2.116219548e-06  1.336928108e-06      6.046316667
