sim_time=1.5
flow_velocity=             0              0 -0.05000000075
com0=0.06977759667 0.07307702534  0.2234144168
com_final=0.06977749734 0.07307697831  0.5849055445
com_disp=-9.933088237e-08 -4.703102505e-08     0.3614911276
com_disp_z=0.3614911276
ub0=-9.714451465e-17 -2.775557562e-17                0
ub_final= 0.1322080195 -0.0115047319  0.3633845963
ub_disp= 0.1322080195 -0.0115047319  0.3633845963
ub_disp_z=0.3633845963
