sim_time=1.5
flow_velocity=0 0 0
com0=0.06977759667 0.07307702534  0.2234144168
com_final=0.06977759838  0.0730770585  0.7312906326
com_disp=1.717427825e-09 3.315628617e-08    0.5078762158
com_disp_z=0.5078762158
ub0=-9.714451465e-17 -2.775557562e-17                0
ub_final=0.07865898041  0.1356064179  0.4943637102
ub_disp=0.07865898041  0.1356064179  0.4943637102
ub_disp_z=0.4943637102
