sim_time=1.5
avg_step_ms=1559.753894
last_step_ms=1483.48222
max_step_ms=1741.801015
final_vol=0.9636277538
vol_shrink_pct=3.637224624
final_inverted=8
com_disp=1.717427825e-09 3.315628617e-08    0.5078762158
com_disp_z=0.5078762158
ub_disp=0.07865898041  0.1356064179  0.4943637102
ub_disp_z=0.4943637102
hydro_nonzero_surf=7144
hydro_surface_total=7144
hydro_nonzero_pct=100
ghost_stride=1
flow=0 0 0
hydro_transverse_projection=1
