sim_time=1.5
iter=720
flow_ramp=1
com=0.06977759844 0.07307705832  0.7292229733
center=0.07299631319 0.06115691481   0.550370501
tau_x_surface_about_com=-0.8669121793
tau_x_surface_about_center=-0.745866499
tau_x_all_vertices_about_com=-0.8669121793
torque_surface_com=-0.8669121793  0.2509393083 -0.2281144796
force_sum_surface=7.882481441e-07 4.131929018e-06     10.15477868
