sim_time=1.5
flow_velocity=           0            0 -0.200000003
com0=0.06977759667 0.07307702534  0.2234144168
com_final= 0.0697777105 0.07307702664  0.6250808467
com_disp=1.138364747e-07 1.300491423e-09    0.4016664299
com_disp_z=0.4016664299
ub0=-9.714451465e-17 -2.775557562e-17                0
ub_final=  0.1637386295 -0.01403877825   0.4160226048
ub_disp=  0.1637386295 -0.01403877825   0.4160226048
ub_disp_z=0.4160226048
