sim_time=1.5
flow_velocity=0 0 0
com0=0.06977759667 0.07307702534  0.2234144168
com_final=-0.8882766364 -0.1712761901  0.4084332391
com_disp=-0.9580542331 -0.2443532154  0.1850188222
com_disp_z=0.1850188222
ub0=-9.714451465e-17 -2.775557562e-17                0
ub_final=-0.9965744754 -0.2678001081  0.6061144916
ub_disp=-0.9965744754 -0.2678001081  0.6061144916
ub_disp_z=0.6061144916
