sim_time=0.008333333333
flow_velocity=0 0 0
com0=0.06977759667 0.07307702534  0.2234144168
com_final=0.06977479083 0.07307796076  0.2234139781
com_disp=-2.805837968e-06  9.354115317e-07 -4.387346719e-07
com_disp_z=-4.387346719e-07
ub0=-9.714451465e-17 -2.775557562e-17                0
ub_final=-1.383963649e-06  5.252185097e-06 -2.294746918e-06
ub_disp=-1.383963648e-06  5.252185097e-06 -2.294746918e-06
ub_disp_z=-2.294746918e-06
