sim_time=1.5
flow_velocity=             0              0 -0.07999999821
com0=0.06977759667 0.07307702534  0.2234144168
com_final=0.06977762493 0.07307704489  0.5086480104
com_disp=2.826507126e-08 1.954430927e-08    0.2852335936
com_disp_z=0.2852335936
ub0=-9.714451465e-17 -2.775557562e-17                0
ub_final= 0.1110032853 0.08359647959  0.2671672603
ub_disp= 0.1110032853 0.08359647959  0.2671672603
ub_disp_z=0.2671672603
