sim_time=1.5
avg_step_ms=1594.658173
last_step_ms=1690.918314
max_step_ms=2002.285258
final_vol=0.9659469592
vol_shrink_pct=3.405304079
final_inverted=3
com_disp=2.826507126e-08 1.954430927e-08    0.2852335936
com_disp_z=0.2852335936
ub_disp= 0.1110032853 0.08359647959  0.2671672603
ub_disp_z=0.2671672603
hydro_nonzero_surf=7144
hydro_surface_total=7144
hydro_nonzero_pct=100
ghost_stride=1
flow=             0              0 -0.07999999821
hydro_transverse_projection=1
