sim_time=1.5
iter=720
flow_ramp=1
com=0.06977762485 0.07307704475  0.5074310646
center= 0.1167590734 0.01347811784  0.3405333405
tau_x_surface_about_com=1.390471666
tau_x_surface_about_center=1.686011175
tau_x_all_vertices_about_com=1.390471666
torque_surface_com=  1.390471666 -0.6968080755  0.7795686172
force_sum_surface=-5.040434189e-06  6.967151421e-06      4.958825383
